Ujedinjena_Kraljevina 249.206 72.121 345,54 1.286.305 390.575 329,34
Njemačka 159.584 105.572 151,16 739.244 604.222 122,35
Hrvatska 160.018 123.648 129,41 603.472 527.931 114,31
Poljska 90.412 87.223 103,66 594.179 602.456 98,63
Francuska 133.154 91.443 145,61 469.211 324.931 144,40
SAD 160.049 87.429 183,06 463.498 268.578 172,57
Bosna_i_Hercegovina 64.047 45.621 140,39 407.030 349.442 116,48
Slovenija 51.642 45.215 114,21 386.982 373.343 103,65
Češka 37.570 34.679 108,34 288.939 272.242 106,13
Irska 47.306 7.932 596,39 222.947 39.247 568,06
Austrija 34.771 25.535 136,17 169.744 144.116 117,78
Italija 43.015 18.381 234,02 157.718 78.300 201,43
Nizozemska 38.334 27.559 139,10 148.660 110.289 134,79
Srbija 17.424 12.370 140,86 132.942 114.197 116,41
Španjolska 49.645 24.556 202,17 124.606 62.719 198,67
Norveška 23.159 2.492 929,33 122.518 14.393 851,23
Mađarska 17.920 15.675 114,32 105.663 95.509 110,63
Slovačka 14.122 10.565 133,67 93.919 76.810 122,27
Finska 18.568 2.654 699,62 89.940 11.897 755,99
Kanada 26.650 5.326 500,38 87.963 22.455 391,73
Švedska 18.338 7.919 231,57 86.369 41.011 210,60
Belgija 22.370 15.336 145,87 84.575 65.507 129,11
Ukrajina 12.748 14.267 89,35 79.916 80.970 98,70
Švicarska 20.968 14.539 144,22 76.657 59.101 129,71
Australija 21.709 2.830 767,10 65.309 11.490 568,40
Danska 12.538 6.737 186,11 59.753 33.701 177,30
Rumunjska 13.643 10.198 133,78 53.336 43.943 121,38
Ostale_azijske_zemlje 12.110 3.190 379,62 35.965 11.780 305,31
Rusija 6.600 24.786 26,63 33.067 139.013 23,79
Litva 8.284 4.179 198,23 31.634 18.288 172,98
Brazil 10.940 2.285 478,77 30.875 8.733 353,54
Ostale_zemlje_Južne_i_Srednje_Amerike 10.557 4.097 257,68 29.359 13.520 217,15
Makedonija 4.435 2.568 172,70 28.078 19.884 141,21
Portugal 9.790 4.323 226,46 26.823 12.232 219,29
Grčka 9.257 2.080 445,05 25.518 6.100 418,33
Koreja,_Republika 7.954 1.045 761,15 21.243 2.774 765,79
Albanija 9.133 3.669 248,92 19.895 11.540 172,40
Argentina 7.457 1.279 583,03 19.879 4.816 412,77
Indija 7.127 2.145 332,26 18.215 6.357 286,53
Kina 6.784 2.382 284,80 17.503 8.382 208,82
Crna_Gora 5.103 2.290 222,84 17.133 9.507 180,21
Meksiko 6.608 2.444 270,38 16.408 6.572 249,67
Letonija 3.448 2.433 141,72 14.086 10.907 129,15
Estonija 2.935 1.812 161,98 12.893 8.333 154,72
Turska 4.555 2.068 220,26 12.353 7.362 167,79
Japan 4.308 1.516 284,17 11.959 4.795 249,41
Bugarska 3.884 1.825 212,82 11.605 6.522 177,94
Novi_Zeland 3.809 710 536,48 10.941 3.319 329,65
Čile 3.884 984 394,72 10.473 3.547 295,26
Izrael 4.145 2.055 201,70 10.412 6.700 155,40
Južnoafrička_Republika 3.329 778 427,89 10.147 4.345 233,53
Kosovo 3.428 1.899 180,52 9.111 5.646 161,37
Ostale_afričke_zemlje 2.418 1.419 170,40 8.405 5.408 155,42
Ostale_europske_zemlje 1.466 944 155,30 6.825 4.786 142,60
Island 1.832 276 663,77 6.774 1.077 628,97
Luksemburg 1.291 1.059 121,91 5.850 5.207 112,35
Bjelorusija 1.013 450 225,11 4.856 2.368 205,07
Maroko 1.109 576 192,53 3.428 1.767 194,00
Ostale_zemlje_Sjeverne_Amerike 677 374 181,02 2.358 1.576 149,62
Cipar 809 262 308,78 2.312 866 266,97
Tajland 932 206 452,43 2.308 854 270,26
Ujedinjeni_Arapski_Emirati 928 373 248,79 2.301 1.178 195,33
Tajvan,_Kina 872 126 692,06 2.038 396 514,65
Malta 656 293 223,89 1.822 1.020 178,63
Kazahstan 385 299 128,76 1.601 1.531 104,57
Tunis 492 464 106,03 1.480 1.470 100,68
Indonezija 539 244 220,90 1.286 1.007 127,71
Hong_Kong,_Kina 436 118 369,49 1.179 329 358,36
Kuvajt 410 249 164,66 1.071 742 144,34
Ostale_zemlje_Oceanije 232 277 83,75 873 938 93,07
Jordan 162 65 249,23 452 232 194,83
Katar 140 119 117,65 403 474 85,02
Lihtenštajn 74 45 164,44 250 107 233,64
Oman 72 45 160,00 187 112 166,96
Makao 10 6 166,67 41 19 215,79
